# Date:     2022-12-06 07:46:39
# Database: ocvs
# Target:   smc_acep
# Query:    TRUE 
# Objects:  122
# Columns:
# ID	RA	Decl	I	V	V_I	P_1	dP_1	T0_1	A_1	R21_1	phi21_1	R31_1	phi31_1
OGLE-SMC-ACEP-001	349.239045	-75.502500	17.535	18.097	0.562	0.9211640	0.0000111	6000.81032	0.328	0.265	3.553	0.209	1.652
OGLE-SMC-ACEP-002	355.958955	-72.099333	17.730	18.331	0.601	1.2255147	0.0000070	6000.69445	0.591	0.486	4.333	0.365	2.409
OGLE-SMC-ACEP-003	356.867670	-72.302944	17.570	17.997	0.427	1.0804526	0.0000118	6000.46301	0.925	0.531	4.331	0.272	2.467
OGLE-SMC-ACEP-004	358.254000	-69.695556	18.313	18.912	0.599	0.8382755	0.0000058	6000.58507	0.446	0.345	4.177	0.292	2.156
OGLE-SMC-ACEP-005	359.348880	-63.933778	17.682	18.215	0.533	1.1402295	0.0000029	6000.47688	0.766	0.421	4.371	0.329	2.281
OGLE-SMC-ACEP-006	0.688995	-74.494000	17.867	18.427	0.560	0.8339549	0.0000008	6000.81612	0.647	0.364	4.095	0.274	1.730
OGLE-SMC-ACEP-007	2.133330	-69.296333	17.093	17.460	0.367	1.0398804	0.0000052	6000.85253	0.173	0.063	4.132	0.063	4.132
OGLE-SMC-ACEP-008	2.474580	-70.391778	17.382	17.965	0.583	1.3059820	0.0000036	6000.09650	0.427	0.422	4.288	0.293	2.252
OGLE-SMC-ACEP-009	3.740790	-75.323222	17.142	17.715	0.573	1.5579242	0.0000016	6000.90199	0.730	0.496	4.341	0.374	2.437
OGLE-SMC-ACEP-010	4.014330	-78.613444	17.766	18.371	0.605	0.9933561	0.0000060	6000.56790	0.767	0.449	4.096	0.312	1.806
OGLE-SMC-ACEP-011	5.578215	-74.459361	17.664	18.202	0.538	0.9364762	0.0000008	6000.00744	0.660	0.393	3.998	0.292	1.678
OGLE-SMC-ACEP-012	6.675660	-71.673472	17.367	17.968	0.601	1.4295557	0.0000019	6001.28350	0.555	0.440	4.337	0.329	2.420
OGLE-SMC-ACEP-013	6.819285	-66.997222	17.390	17.787	0.397	0.8738865	0.0000088	6000.27939	0.464	0.213	4.707	0.100	2.863
OGLE-SMC-ACEP-014	6.863580	-73.090944	17.162	17.704	0.542	1.0890600	0.0000026	6000.50629	0.308	0.016	3.133	0.040	5.590
OGLE-SMC-ACEP-015	6.940125	-66.412750	17.238	17.717	0.479	1.1257346	0.0000193	6000.51239	0.385	0.128	3.498	0.077	0.525
OGLE-SMC-ACEP-016	7.553250	-64.695111	16.985	17.523	0.538	1.8637981	0.0000080	6000.55537	0.786	0.531	4.590	0.337	2.873
OGLE-SMC-ACEP-017	7.610460	-71.993889	17.590	18.081	0.491	0.7692864	0.0000014	6000.49834	0.338	0.358	4.167	0.132	2.400
OGLE-SMC-ACEP-018	7.927080	-71.821444	17.767	18.202	0.435	0.6400563	0.0000009	6000.58549	0.477	0.334	3.914	0.138	1.702
OGLE-SMC-ACEP-019	8.381160	-70.948139	17.708	18.123	0.415	0.6865183	0.0000009	6000.60226	0.533	0.414	4.301	0.129	2.415
OGLE-SMC-ACEP-020	8.407455	-71.461306	17.319	17.756	0.437	0.9315956	0.0000017	6000.85684	0.369	0.134	3.938	0.021	6.004
OGLE-SMC-ACEP-021	8.488410	-73.993833	17.621	18.181	0.560	1.1789424	0.0000015	6000.49638	0.576	0.433	4.329	0.337	2.446
OGLE-SMC-ACEP-022	8.826705	-71.642361	17.968	18.565	0.597	0.8856849	0.0000010	6000.08107	0.492	0.312	4.136	0.264	1.829
OGLE-SMC-ACEP-023	8.926245	-73.013833	17.161	17.781	0.620	1.7881950	0.0000033	6001.60457	0.523	0.465	4.704	0.267	3.128
OGLE-SMC-ACEP-024	8.997420	-72.046556	18.412	18.960	0.548	0.5751393	0.0000026	6000.12555	0.209	0.170	5.631	0.170	5.631
OGLE-SMC-ACEP-025	9.328710	-74.147222	17.370	17.982	0.612	1.4703466	0.0000023	6001.21237	0.522	0.471	4.535	0.291	2.824
OGLE-SMC-ACEP-026	9.434085	-74.798722	17.546	18.047	0.501	1.2285898	0.0000010	6000.19576	0.915	0.510	4.390	0.352	2.502
OGLE-SMC-ACEP-027	9.832005	-64.907750	17.966	18.392	0.426	0.7279201	0.0000058	6000.33010	0.335	0.187	3.236	0.195	0.619
OGLE-SMC-ACEP-028	9.927585	-72.946000	16.936	17.602	0.666	2.4954834	0.0000690	6001.43246	0.415	0.417	5.015	0.124	3.642
OGLE-SMC-ACEP-029	9.963750	-68.084083	18.119	18.734	0.615	0.8259380	0.0000101	6000.42298	0.330	0.271	3.882	0.271	2.209
OGLE-SMC-ACEP-030	10.113840	-73.207111	18.022	18.445	0.423	0.9802624	0.0000016	6000.10973	0.442	0.376	4.308	0.282	2.221
OGLE-SMC-ACEP-031	10.121835	-64.937722	17.259	17.803	0.544	1.9261606	0.0000163	6000.76700	0.463	0.444	4.706	0.235	3.115
OGLE-SMC-ACEP-032	10.150290	-72.634500	18.279	18.630	0.351	0.6209206	0.0000015	6000.45743	0.395	0.238	3.427	0.092	0.919
OGLE-SMC-ACEP-033	10.217460	-74.878111	17.596	18.021	0.425	1.1304545	0.0000010	6000.17414	0.839	0.494	4.316	0.305	2.282
OGLE-SMC-ACEP-034	10.248255	-65.060833	18.084	18.576	0.492	0.8002102	0.0000039	6000.03098	0.617	0.302	3.737	0.269	1.278
OGLE-SMC-ACEP-035	10.306830	-68.607472	17.302	17.869	0.567	1.7897524	0.0000113	6000.35491	0.766	0.493	4.760	0.286	3.296
OGLE-SMC-ACEP-036	10.562670	-72.247167	17.606	18.028	0.422	1.0865516	0.0000009	6000.82741	0.776	0.469	4.410	0.253	2.430
OGLE-SMC-ACEP-037	10.677750	-74.530722	17.628	18.199	0.571	1.1138093	0.0000011	6001.01635	0.651	0.420	4.293	0.310	2.169
OGLE-SMC-ACEP-038	10.709580	-74.986972	17.353	-99.99	-99.99	0.8517357	0.0000038	6000.13009	0.398	0.287	4.207	0.088	2.414
OGLE-SMC-ACEP-039	10.857045	-74.460750	17.077	17.653	0.576	1.6617303	0.0000018	6000.35461	0.787	0.531	4.551	0.337	2.783
OGLE-SMC-ACEP-040	10.947465	-71.612944	17.595	18.157	0.562	1.3109967	0.0000013	6001.24410	0.893	0.501	4.306	0.358	2.337
OGLE-SMC-ACEP-041	11.179005	-73.190778	18.465	19.175	0.710	0.8278515	0.0000008	6000.29827	0.878	0.435	4.181	0.300	1.938
OGLE-SMC-ACEP-042	11.952000	-67.948056	18.050	18.624	0.574	0.7943667	0.0000035	6000.03838	0.476	0.224	3.878	0.264	1.286
OGLE-SMC-ACEP-043	11.996040	-71.701583	16.784	17.400	0.616	2.0363093	0.0000029	6000.02780	0.582	0.498	4.620	0.306	2.943
OGLE-SMC-ACEP-044	11.999955	-73.232444	18.297	19.066	0.769	0.6872772	0.0000020	6000.65280	0.301	0.301	3.794	0.129	1.914
OGLE-SMC-ACEP-045	12.059205	-73.581306	17.312	17.966	0.654	1.7270252	0.0000027	6000.99214	0.625	0.499	4.624	0.316	2.960
OGLE-SMC-ACEP-046	12.242505	-73.610250	17.680	18.308	0.628	1.0612861	0.0000015	6000.27360	0.418	0.373	4.196	0.274	1.968
OGLE-SMC-ACEP-047	12.292920	-70.848750	17.244	17.713	0.469	1.2329353	0.0000030	6000.38428	0.349	0.246	3.327	0.115	0.788
OGLE-SMC-ACEP-048	12.400785	-72.510111	17.685	18.152	0.467	0.7635817	0.0000011	6000.24012	0.447	0.255	4.716	0.119	2.656
OGLE-SMC-ACEP-049	12.582375	-73.525528	18.618	19.298	0.680	0.5115639	0.0000011	6000.30561	0.425	0.556	4.572	0.161	2.215
OGLE-SMC-ACEP-050	12.803880	-73.550833	18.396	19.043	0.647	0.5861184	0.0000009	6000.36821	0.496	0.368	3.942	0.141	2.015
OGLE-SMC-ACEP-051	12.821880	-72.948667	18.072	18.462	0.390	0.5444343	0.0000007	6000.52471	0.555	0.437	4.227	0.133	2.377
OGLE-SMC-ACEP-052	13.031580	-71.928083	17.420	17.957	0.537	1.3191940	0.0000010	6001.25454	0.879	0.504	4.332	0.365	2.421
OGLE-SMC-ACEP-053	13.314705	-69.193194	17.046	17.573	0.527	1.6862437	0.0000021	6001.02073	0.783	0.524	4.682	0.334	2.953
OGLE-SMC-ACEP-054	13.413465	-72.322694	18.197	18.655	0.458	0.5287166	0.0000007	6000.47490	0.519	0.399	4.324	0.116	2.192
OGLE-SMC-ACEP-055	13.520340	-71.277056	17.775	18.375	0.600	1.0908260	0.0000016	6000.28487	0.565	0.406	4.320	0.297	2.121
OGLE-SMC-ACEP-056	13.578705	-73.952861	17.900	18.325	0.425	0.5958228	0.0000007	6000.04096	0.522	0.390	4.231	0.123	2.386
OGLE-SMC-ACEP-057	13.781085	-72.742806	18.367	18.767	0.400	0.5703630	0.0000013	6000.43621	0.381	0.137	3.760	0.054	0.454
OGLE-SMC-ACEP-058	14.001090	-66.929361	17.576	17.968	0.392	1.0591527	0.0000031	6000.07397	0.821	0.455	4.167	0.303	2.085
OGLE-SMC-ACEP-059	14.014875	-73.286306	17.341	17.975	0.634	1.3757315	0.0000021	6000.23028	0.499	0.417	4.384	0.269	2.363
OGLE-SMC-ACEP-060	14.314830	-73.400667	17.615	18.126	0.511	0.9360567	0.0000010	6000.61716	0.515	0.343	4.003	0.282	1.703
OGLE-SMC-ACEP-061	14.402250	-71.752250	17.674	18.085	0.411	0.8280840	0.0000019	6000.37482	0.295	0.119	4.149	0.119	4.149
OGLE-SMC-ACEP-062	14.442375	-72.242667	18.245	18.847	0.602	0.8297566	0.0000007	6000.08860	0.642	0.359	4.188	0.268	1.812
OGLE-SMC-ACEP-063	14.660040	-73.838083	17.370	18.027	0.657	1.4025432	0.0000019	6000.59088	0.483	0.439	4.361	0.320	2.582
OGLE-SMC-ACEP-064	14.889705	-69.765750	17.532	18.080	0.548	1.0458349	0.0000009	6000.84164	0.677	0.409	4.274	0.317	2.092
OGLE-SMC-ACEP-065	15.126465	-72.761806	17.396	17.804	0.408	0.8114355	0.0000014	6000.39529	0.381	0.192	4.635	0.069	2.701
OGLE-SMC-ACEP-066	15.235005	-71.028500	17.498	18.030	0.532	1.1672792	0.0000010	6001.11786	0.695	0.427	4.335	0.322	2.278
OGLE-SMC-ACEP-067	15.351255	-69.068639	17.324	17.976	0.652	1.5900500	0.0000070	6000.27052	0.275	0.337	4.473	0.165	2.806
OGLE-SMC-ACEP-068	15.940710	-73.886028	18.405	18.802	0.397	0.5207945	0.0000012	6000.33845	0.365	0.065	3.477	0.085	6.138
OGLE-SMC-ACEP-069	16.266630	-73.462667	18.249	18.631	0.382	0.5181528	0.0000013	6000.29110	0.437	0.323	4.218	0.111	2.436
OGLE-SMC-ACEP-070	16.536210	-74.195889	17.511	18.117	0.606	1.1469608	0.0000018	6000.80698	0.514	0.398	4.322	0.278	2.208
OGLE-SMC-ACEP-071	16.653255	-70.101000	17.409	18.009	0.600	1.5540549	0.0000029	6000.19148	0.480	0.440	4.689	0.243	3.080
OGLE-SMC-ACEP-072	16.671165	-74.699833	17.525	18.068	0.543	1.2337780	0.0000065	6000.77727	0.441	0.503	4.348	0.336	2.324
OGLE-SMC-ACEP-073	16.878210	-71.367083	17.816	18.344	0.528	0.8853022	0.0000006	6000.19521	0.817	0.430	4.152	0.306	1.925
OGLE-SMC-ACEP-074	17.727210	-74.385722	18.239	18.910	0.671	0.8246316	0.0000015	6000.08039	0.358	0.314	4.184	0.239	1.908
OGLE-SMC-ACEP-075	18.256080	-72.637194	17.392	17.800	0.408	0.8034519	0.0000009	6000.45733	0.440	0.212	4.693	0.088	2.912
OGLE-SMC-ACEP-076	18.361620	-72.876222	17.560	18.112	0.552	1.2994758	0.0000013	6000.29243	0.664	0.480	4.340	0.365	2.446
OGLE-SMC-ACEP-077	19.248000	-68.529972	17.869	18.364	0.495	0.6711144	0.0000013	6000.47340	0.385	0.330	4.045	0.099	2.262
OGLE-SMC-ACEP-078	19.607370	-71.070333	17.510	18.005	0.495	1.3498545	0.0000014	6001.16838	0.928	0.530	4.393	0.357	2.536
OGLE-SMC-ACEP-079	19.856745	-72.308528	17.478	18.065	0.587	1.2583824	0.0000011	6000.01894	0.693	0.490	4.401	0.368	2.569
OGLE-SMC-ACEP-080	20.431920	-75.405472	17.495	18.082	0.587	0.9822964	0.0000007	6000.01072	0.786	0.428	4.198	0.310	1.991
OGLE-SMC-ACEP-081	20.530755	-71.529972	17.784	18.244	0.460	1.2563220	0.0000011	6000.16864	0.802	0.477	4.724	0.230	3.125
OGLE-SMC-ACEP-082	20.995710	-73.970750	17.136	17.705	0.569	1.7313225	0.0000017	6000.35070	0.809	0.510	4.679	0.318	2.959
OGLE-SMC-ACEP-083	21.057000	-70.929833	17.438	17.807	0.369	0.7920779	0.0000008	6000.47289	0.512	0.396	4.159	0.148	2.308
OGLE-SMC-ACEP-084	21.157755	-75.403611	17.770	18.247	0.477	0.7298337	0.0000013	6000.08797	0.502	0.393	4.310	0.121	2.389
OGLE-SMC-ACEP-085	21.653670	-72.616139	18.075	18.654	0.579	0.7993158	0.0000012	6000.16598	0.478	0.324	4.219	0.261	1.913
OGLE-SMC-ACEP-086	21.681165	-71.693861	18.389	18.939	0.550	0.7099410	0.0000008	6000.58212	0.647	0.370	4.237	0.286	1.951
OGLE-SMC-ACEP-087	21.845295	-76.193083	17.750	18.303	0.553	0.9233149	0.0000009	6000.54861	0.718	0.391	4.217	0.279	2.002
OGLE-SMC-ACEP-088	22.214625	-72.992528	17.590	18.176	0.586	1.4351889	0.0000023	6000.99881	0.642	0.499	4.654	0.301	2.957
OGLE-SMC-ACEP-089	23.059335	-72.709500	18.104	18.672	0.568	0.9119870	0.0000010	6000.79663	0.586	0.352	4.112	0.272	1.696
OGLE-SMC-ACEP-090	23.223000	-72.918111	17.375	17.788	0.413	0.7976316	0.0000010	6000.72565	0.502	0.355	4.532	0.105	2.404
OGLE-SMC-ACEP-091	23.448660	-77.656167	16.889	17.622	0.733	2.6725455	0.0000433	6001.59332	0.336	0.378	4.873	0.143	3.786
OGLE-SMC-ACEP-092	23.540955	-69.256361	17.303	17.853	0.550	1.4932295	0.0000073	6000.84690	0.701	0.526	4.511	0.370	2.821
OGLE-SMC-ACEP-093	23.782755	-71.571250	17.691	18.254	0.563	1.1247059	0.0000013	6000.54546	0.655	0.423	4.319	0.307	2.182
OGLE-SMC-ACEP-094	24.178125	-73.892778	18.253	18.720	0.467	0.6408519	0.0000019	6000.54471	0.332	0.166	3.100	0.105	0.395
OGLE-SMC-ACEP-095	25.275495	-74.623556	17.238	17.936	0.698	1.7298735	0.0000166	6000.10960	0.130	0.187	4.536	0.000	-99.99
OGLE-SMC-ACEP-096	27.588960	-69.885111	17.882	18.476	0.594	0.9920317	0.0000023	6000.53480	0.426	0.337	4.076	0.258	1.750
OGLE-SMC-ACEP-097	28.854255	-75.024833	17.760	18.263	0.503	0.5893943	0.0000008	6000.57822	0.470	0.362	4.096	0.122	2.255
OGLE-SMC-ACEP-098	29.328705	-74.236944	17.506	17.926	0.420	0.8462376	0.0000012	6000.31606	0.476	0.245	4.669	0.115	2.791
OGLE-SMC-ACEP-099	31.285290	-72.719694	17.751	18.315	0.564	0.8830871	0.0000008	6000.59696	0.642	0.410	4.203	0.272	1.981
OGLE-SMC-ACEP-100	31.402755	-72.405528	17.405	17.908	0.503	0.8642139	0.0000007	6000.02430	0.680	0.369	3.964	0.285	1.563
OGLE-SMC-ACEP-101	32.709045	-72.802556	17.994	18.446	0.452	0.9715341	0.0000036	6000.73895	0.763	0.407	4.164	0.273	1.973
OGLE-SMC-ACEP-102	33.414660	-66.421389	17.347	17.904	0.557	0.9396136	0.0000098	6000.54619	0.408	0.325	4.173	0.078	1.747
OGLE-SMC-ACEP-103	33.540840	-72.675139	17.354	17.828	0.474	0.8249649	0.0000014	6000.12449	0.431	0.282	4.608	0.123	2.374
OGLE-SMC-ACEP-104	33.714045	-66.991778	17.197	17.654	0.457	0.8780260	0.0000050	6000.46944	0.571	0.248	4.038	0.308	1.301
OGLE-SMC-ACEP-105	37.593285	-79.140528	18.218	18.840	0.622	0.7559469	0.0000040	6000.74664	0.681	0.379	3.894	0.287	1.632
OGLE-SMC-ACEP-106	39.266040	-77.050778	17.425	18.096	0.671	1.5007656	0.0000524	6001.13907	0.234	0.304	4.277	0.101	2.755
OGLE-SMC-ACEP-107	40.366455	-73.812528	17.254	17.755	0.501	0.9317619	0.0000009	6000.37921	0.766	0.396	4.051	0.290	1.728
OGLE-SMC-ACEP-108	44.578920	-67.096333	18.000	18.589	0.589	0.9147562	0.0000043	6000.85822	0.771	0.400	4.205	0.324	1.956
OGLE-SMC-ACEP-109	46.185120	-66.187528	17.749	18.326	0.577	1.1701982	0.0000161	6000.43815	0.527	0.445	4.204	0.318	2.128
OGLE-SMC-ACEP-110	5.676210	-65.433806	18.142	18.826	0.684	1.0040078	0.0001610	6000.89869	0.399	0.489	4.205	0.275	2.108
OGLE-SMC-ACEP-111	9.725415	-72.273667	17.083	17.756	0.673	1.8668514	0.0000030	6001.28639	0.641	0.526	4.485	0.347	2.787
OGLE-SMC-ACEP-112	10.111335	-77.757667	17.567	18.106	0.539	1.6759177	0.0000206	6000.94887	0.454	0.455	4.572	0.226	2.853
OGLE-SMC-ACEP-113	11.084535	-69.142556	17.913	-99.99	-99.99	0.6228967	0.0000082	6000.39918	0.288	0.278	4.517	0.176	2.374
OGLE-SMC-ACEP-114	11.246670	-65.798111	17.926	18.441	0.515	0.6327240	0.0000018	6000.49116	0.375	0.319	3.999	0.126	2.251
OGLE-SMC-ACEP-115	12.121965	-77.287833	18.409	18.934	0.525	0.5309986	0.0000026	6000.48646	0.365	0.265	3.751	0.134	1.863
OGLE-SMC-ACEP-116	12.953160	-69.145278	17.819	-99.99	-99.99	0.9177722	0.0000120	6000.06012	0.909	0.454	4.100	0.180	2.221
OGLE-SMC-ACEP-117	24.322590	-72.227056	17.430	-99.99	-99.99	1.3424999	0.0000021	6000.79277	0.663	0.486	4.416	0.366	2.573
OGLE-SMC-ACEP-118	26.508045	-77.266278	17.807	18.297	0.490	0.6543701	0.0000034	6000.27563	0.451	0.319	4.119	0.109	2.543
OGLE-SMC-ACEP-119	28.582035	-70.630806	18.280	18.671	0.391	0.5470539	0.0000007	6000.37543	0.487	0.334	4.100	0.126	2.523
OGLE-SMC-ACEP-120	12.056085	-79.963556	17.981	18.316	0.335	0.5067412	0.0000034	7000.03978	0.487	0.327	3.978	0.109	1.667
OGLE-SMC-ACEP-121	12.820005	-68.984278	17.718	18.265	0.547	0.9945957	0.0000004	7000.42258	0.581	0.406	4.181	0.267	1.852
OGLE-SMC-ACEP-122	35.368620	-65.756250	17.386	17.768	0.382	0.8880902	0.0000092	7000.70816	0.275	0.182	4.903	0.069	3.139
