#NUMBER OF AGES= 1 MAGS= 6
#----------------------------------------------------       
#MIX-LEN  Y      Z          Zeff        [Fe/H] [a/Fe]
# 1.9380  0.2484 2.1123E-03 1.0752E-03  -1.19   0.40 
#----------------------------------------------------       
#**PHOTOMETRIC SYSTEM**: DECam (AB)
#----------------------------------------------------       
#AGE= 6.000 EEPS=271
#EEP   M/Mo    LogTeff  LogG   LogL/Lo DECam_u DECam_g DECam_r DECam_i DECam_z DECam_Y
   9  0.105524  3.5212  5.3398 -2.8402 16.5006 14.3108 12.8187 11.7130 11.2965 11.1815
  10  0.117986  3.5251  5.2832 -2.7197 16.1173 13.9424 12.4596 11.4064 11.0006 10.8860
  11  0.132957  3.5293  5.2250 -2.5929 15.7102 13.5553 12.0837 11.0839 10.6892 10.5750
  12  0.153655  3.5353  5.1681 -2.4494 15.2349 13.1041 11.6477 10.7162 10.3369 10.2239
  13  0.181755  3.5441  5.1219 -2.2955 14.6988 12.5961 11.1615 10.3179  9.9605  9.8506
  14  0.207528  3.5511  5.0873 -2.1750 14.2814 12.2044 10.7895 10.0076  9.6665  9.5597
  15  0.228001  3.5556  5.0617 -2.0900 13.9943 11.9348 10.5333  9.7896  9.4589  9.3542
  16  0.245517  3.5589  5.0413 -2.0239 13.7744 11.7284 10.3374  9.6206  9.2974  9.1943
  17  0.262833  3.5619  5.0240 -1.9652 13.5814 11.5466 10.1644  9.4707  9.1540  9.0525
  18  0.279220  3.5644  5.0090 -1.9141 13.4141 11.3888 10.0147  9.3399  9.0290  8.9287
  19  0.292320  3.5663  4.9967 -1.8741 13.2852 11.2669  9.8989  9.2383  8.9316  8.8323
  20  0.301751  3.5677  4.9870 -1.8452 13.1927 11.1790  9.8155  9.1648  8.8611  8.7625
  21  0.308758  3.5686  4.9793 -1.8238 13.1249 11.1145  9.7543  9.1104  8.8089  8.7107
  22  0.314162  3.5693  4.9735 -1.8076 13.0735 11.0657  9.7079  9.0692  8.7691  8.6714
  23  0.318467  3.5699  4.9688 -1.7947 13.0330 11.0272  9.6712  9.0365  8.7377  8.6403
  24  0.322155  3.5704  4.9647 -1.7837 12.9983 10.9942  9.6399  9.0087  8.7110  8.6137
  25  0.325925  3.5709  4.9611 -1.7730 12.9640 10.9616  9.6090  8.9814  8.6848  8.5879
  26  0.330447  3.5716  4.9573 -1.7607 12.9245 10.9239  9.5731  8.9502  8.6550  8.5584
  27  0.336533  3.5724  4.9527 -1.7447 12.8727 10.8746  9.5263  8.9095  8.6164  8.5201
  28  0.354536  3.5754  4.9373 -1.6946 12.7072 10.7177  9.3766  8.7825  8.4962  8.4015
  29  0.386145  3.5826  4.9028 -1.5959 12.3750 10.3979  9.0750  8.5308  8.2616  8.1707
  30  0.412854  3.5879  4.8738 -1.5151 12.0896 10.1392  8.8434  8.3255  8.0664  7.9781
  31  0.431739  3.5928  4.8496 -1.4515 11.8581  9.9294  8.6591  8.1636  7.9139  7.8281
  32  0.444101  3.5967  4.8332 -1.4076 11.6976  9.7809  8.5277  8.0514  7.8094  7.7255
  33  0.456747  3.6010  4.8167 -1.3616 11.5271  9.6235  8.3904  7.9341  7.7006  7.6187
  34  0.470303  3.6061  4.7995 -1.3114 11.3362  9.4487  8.2413  7.8058  7.5817  7.5023
  35  0.483558  3.6116  4.7834 -1.2611 11.1411  9.2704  8.0934  7.6778  7.4630  7.3862
  36  0.495522  3.6171  4.7700 -1.2150 10.9576  9.1026  7.9581  7.5605  7.3548  7.2806
  37  0.505731  3.6222  4.7595 -1.1753 10.7940  8.9535  7.8412  7.4596  7.2620  7.1901
  38  0.514594  3.6270  4.7512 -1.1404 10.6462  8.8200  7.7388  7.3711  7.1812  7.1114
  39  0.522970  3.6318  4.7441 -1.1073 10.5012  8.6901  7.6409  7.2870  7.1045  7.0369
  40  0.532042  3.6372  4.7373 -1.0714 10.3413  8.5475  7.5341  7.1960  7.0220  6.9568
  41  0.542858  3.6438  4.7302 -1.0289 10.1460  8.3763  7.4073  7.0883  6.9245  6.8624
  42  0.555300  3.6519  4.7236 -0.9798  9.9058  8.1746  7.2605  6.9637  6.8121  6.7537
  43  0.569258  3.6614  4.7173 -0.9249  9.6135  7.9472  7.0963  6.8236  6.6857  6.6322
  44  0.584193  3.6716  4.7111 -0.8669  9.2927  7.7110  6.9250  6.6755  6.5514  6.5035
  45  0.599631  3.6817  4.7041 -0.8082  8.9660  7.4816  6.7552  6.5259  6.4151  6.3727
  46  0.615194  3.6916  4.6969 -0.7498  8.6357  7.2621  6.5906  6.3793  6.2810  6.2443
  47  0.630825  3.7014  4.6890 -0.6922  8.3142  7.0537  6.4317  6.2369  6.1504  6.1194
  48  0.646249  3.7106  4.6804 -0.6361  8.0371  6.8615  6.2797  6.1003  6.0248  5.9988
  49  0.661030  3.7192  4.6716 -0.5833  7.7990  6.6877  6.1387  5.9732  5.9076  5.8860
  50  0.674739  3.7267  4.6625 -0.5351  7.5806  6.5331  6.0127  5.8589  5.8019  5.7842
  51  0.687197  3.7333  4.6535 -0.4917  7.3861  6.3973  5.9017  5.7578  5.7081  5.6938
  52  0.692811  3.7362  4.6492 -0.4723  7.3008  6.3374  5.8526  5.7129  5.6663  5.6536
  53  0.698370  3.7391  4.6449 -0.4532  7.2183  6.2790  5.8045  5.6688  5.6253  5.6139
  54  0.703896  3.7419  4.6404 -0.4342  7.1383  6.2214  5.7570  5.6254  5.5848  5.5748
  55  0.709401  3.7445  4.6357 -0.4153  7.0603  6.1647  5.7100  5.5824  5.5445  5.5359
  56  0.714894  3.7472  4.6309 -0.3965  6.9836  6.1087  5.6634  5.5396  5.5044  5.4971
  57  0.720384  3.7498  4.6258 -0.3777  6.9085  6.0533  5.6171  5.4970  5.4645  5.4584
  58  0.725857  3.7523  4.6204 -0.3589  6.8350  5.9985  5.5710  5.4546  5.4246  5.4197
  59  0.731314  3.7548  4.6148 -0.3402  6.7632  5.9444  5.5252  5.4122  5.3846  5.3809
  60  0.736744  3.7571  4.6089 -0.3217  6.6932  5.8909  5.4798  5.3700  5.3449  5.3422
  61  0.742125  3.7595  4.6030 -0.3032  6.6246  5.8383  5.4349  5.3282  5.3053  5.3038
  62  0.747450  3.7617  4.5970 -0.2850  6.5575  5.7865  5.3905  5.2871  5.2664  5.2658
  63  0.752731  3.7639  4.5908 -0.2669  6.4920  5.7355  5.3469  5.2464  5.2277  5.2283
  64  0.757970  3.7661  4.5846 -0.2491  6.4280  5.6853  5.3039  5.2063  5.1897  5.1912
  65  0.763165  3.7682  4.5784 -0.2315  6.3654  5.6360  5.2615  5.1668  5.1522  5.1547
  66  0.768326  3.7702  4.5722 -0.2142  6.3034  5.5874  5.2200  5.1283  5.1155  5.1189
  67  0.773457  3.7723  4.5660 -0.1970  6.2427  5.5395  5.1792  5.0903  5.0794  5.0837
  68  0.778564  3.7743  4.5599 -0.1801  6.1833  5.4923  5.1389  5.0528  5.0437  5.0489
  69  0.783645  3.7763  4.5537 -0.1633  6.1252  5.4458  5.0992  5.0157  5.0084  5.0145
  70  0.788709  3.7781  4.5475 -0.1467  6.0683  5.4000  5.0598  4.9791  4.9735  4.9803
  71  0.793735  3.7800  4.5413 -0.1303  6.0128  5.3548  5.0210  4.9429  4.9389  4.9466
  72  0.798706  3.7818  4.5350 -0.1142  5.9586  5.3103  4.9826  4.9071  4.9047  4.9131
  73  0.803603  3.7835  4.5287 -0.0982  5.9057  5.2666  4.9448  4.8718  4.8710  4.8801
  74  0.808413  3.7852  4.5224 -0.0826  5.8549  5.2235  4.9073  4.8367  4.8373  4.8472
  75  0.813124  3.7869  4.5162 -0.0671  5.8051  5.1813  4.8704  4.8022  4.8043  4.8148
  76  0.817727  3.7885  4.5098 -0.0519  5.7567  5.1397  4.8341  4.7683  4.7718  4.7829
  77  0.822199  3.7900  4.5034 -0.0370  5.7096  5.0991  4.7985  4.7349  4.7398  4.7515
  78  0.826545  3.7916  4.4972 -0.0225  5.6635  5.0592  4.7636  4.7023  4.7085  4.7208
  79  0.830758  3.7930  4.4910 -0.0082  5.6187  5.0203  4.7295  4.6703  4.6778  4.6906
  80  0.834846  3.7944  4.4850  0.0059  5.5749  4.9821  4.6960  4.6390  4.6477  4.6611
  81  0.838827  3.7959  4.4789  0.0196  5.5321  4.9446  4.6631  4.6082  4.6183  4.6321
  82  0.843496  3.7975  4.4718  0.0359  5.4816  4.9004  4.6243  4.5719  4.5833  4.5978
  83  0.848082  3.7992  4.4646  0.0520  5.4320  4.8568  4.5858  4.5357  4.5484  4.5636
  84  0.852595  3.8008  4.4573  0.0679  5.3825  4.8136  4.5477  4.4999  4.5139  4.5298
  85  0.857055  3.8023  4.4499  0.0837  5.3336  4.7708  4.5099  4.4644  4.4796  4.4961
  86  0.861462  3.8039  4.4425  0.0996  5.2852  4.7282  4.4722  4.4290  4.4454  4.4624
  87  0.865813  3.8054  4.4350  0.1152  5.2374  4.6861  4.4348  4.3937  4.4113  4.4289
  88  0.870110  3.8068  4.4274  0.1308  5.1901  4.6443  4.3976  4.3586  4.3773  4.3956
  89  0.874345  3.8082  4.4197  0.1463  5.1436  4.6029  4.3606  4.3237  4.3435  4.3623
  90  0.878510  3.8096  4.4118  0.1616  5.0978  4.5620  4.3240  4.2890  4.3098  4.3292
  91  0.882592  3.8108  4.4038  0.1767  5.0528  4.5215  4.2877  4.2546  4.2763  4.2962
  92  0.886589  3.8121  4.3957  0.1917  5.0086  4.4817  4.2518  4.2205  4.2431  4.2635
  93  0.890512  3.8133  4.3875  0.2065  4.9650  4.4423  4.2162  4.1867  4.2101  4.2310
  94  0.894356  3.8144  4.3794  0.2211  4.9223  4.4035  4.1810  4.1532  4.1775  4.1988
  95  0.898108  3.8155  4.3712  0.2355  4.8804  4.3652  4.1464  4.1203  4.1453  4.1670
  96  0.901788  3.8166  4.3631  0.2496  4.8393  4.3276  4.1123  4.0878  4.1135  4.1357
  97  0.905398  3.8176  4.3550  0.2636  4.7989  4.2906  4.0786  4.0558  4.0822  4.1048
  98  0.908943  3.8186  4.3470  0.2773  4.7592  4.2541  4.0455  4.0241  4.0512  4.0742
  99  0.912427  3.8195  4.3390  0.2909  4.7202  4.2181  4.0126  3.9929  4.0206  4.0439
 100  0.915859  3.8205  4.3310  0.3043  4.6817  4.1826  3.9802  3.9619  3.9902  4.0140
 101  0.919239  3.8215  4.3231  0.3175  4.6437  4.1473  3.9481  3.9313  3.9602  3.9843
 102  0.922570  3.8224  4.3152  0.3306  4.6064  4.1127  3.9164  3.9010  3.9305  3.9550
 103  0.925850  3.8233  4.3073  0.3435  4.5696  4.0784  3.8851  3.8712  3.9011  3.9259
 104  0.929087  3.8241  4.2994  0.3563  4.5334  4.0446  3.8541  3.8415  3.8720  3.8971
 105  0.932282  3.8249  4.2914  0.3689  4.4977  4.0112  3.8234  3.8121  3.8431  3.8685
 106  0.935437  3.8256  4.2835  0.3814  4.4624  3.9781  3.7930  3.7830  3.8144  3.8402
 107  0.938554  3.8264  4.2755  0.3938  4.4278  3.9455  3.7629  3.7540  3.7858  3.8118
 108  0.941613  3.8270  4.2673  0.4061  4.3936  3.9132  3.7330  3.7252  3.7574  3.7838
 109  0.944614  3.8277  4.2591  0.4182  4.3601  3.8813  3.7033  3.6967  3.7291  3.7558
 110  0.947527  3.8283  4.2509  0.4302  4.3270  3.8499  3.6740  3.6683  3.7011  3.7279
 111  0.950338  3.8289  4.2427  0.4420  4.2943  3.8188  3.6449  3.6403  3.6734  3.7005
 112  0.951689  3.8291  4.2387  0.4478  4.2783  3.8036  3.6307  3.6265  3.6598  3.6870
 113  0.953038  3.8294  4.2345  0.4537  4.2622  3.7882  3.6163  3.6127  3.6460  3.6734
 114  0.954386  3.8297  4.2303  0.4596  4.2461  3.7726  3.6018  3.5986  3.6321  3.6595
 115  0.955733  3.8300  4.2260  0.4655  4.2298  3.7570  3.5871  3.5843  3.6179  3.6455
 116  0.957077  3.8303  4.2216  0.4716  4.2133  3.7412  3.5722  3.5699  3.6036  3.6313
 117  0.958420  3.8305  4.2171  0.4777  4.1969  3.7253  3.5572  3.5554  3.5891  3.6169
 118  0.959759  3.8307  4.2124  0.4838  4.1802  3.7092  3.5420  3.5406  3.5745  3.6023
 119  0.961097  3.8309  4.2077  0.4901  4.1635  3.6931  3.5267  3.5256  3.5596  3.5875
 120  0.962434  3.8311  4.2028  0.4963  4.1468  3.6767  3.5111  3.5105  3.5445  3.5726
 121  0.963770  3.8313  4.1979  0.5027  4.1299  3.6603  3.4954  3.4952  3.5293  3.5574
 122  0.965106  3.8315  4.1929  0.5090  4.1129  3.6437  3.4797  3.4797  3.5139  3.5421
 123  0.966439  3.8317  4.1878  0.5155  4.0958  3.6271  3.4636  3.4641  3.4983  3.5265
 124  0.967763  3.8319  4.1824  0.5221  4.0785  3.6102  3.4475  3.4482  3.4825  3.5108
 125  0.969089  3.8320  4.1771  0.5286  4.0612  3.5932  3.4311  3.4322  3.4665  3.4949
 126  0.970412  3.8322  4.1717  0.5352  4.0438  3.5761  3.4147  3.4161  3.4504  3.4789
 127  0.971734  3.8322  4.1661  0.5419  4.0264  3.5590  3.3981  3.3998  3.4341  3.4626
 128  0.973054  3.8324  4.1605  0.5486  4.0090  3.5418  3.3814  3.3834  3.4176  3.4462
 129  0.974370  3.8325  4.1547  0.5553  3.9915  3.5244  3.3646  3.3668  3.4010  3.4296
 130  0.975682  3.8325  4.1487  0.5621  3.9739  3.5070  3.3476  3.3500  3.3842  3.4128
 131  0.976991  3.8326  4.1427  0.5689  3.9564  3.4896  3.3305  3.3330  3.3672  3.3959
 132  0.978294  3.8326  4.1364  0.5758  3.9388  3.4720  3.3132  3.3159  3.3499  3.3787
 133  0.979592  3.8326  4.1300  0.5827  3.9213  3.4545  3.2958  3.2985  3.3325  3.3612
 134  0.980884  3.8325  4.1234  0.5897  3.9038  3.4368  3.2782  3.2810  3.3148  3.3435
 135  0.982170  3.8324  4.1167  0.5967  3.8863  3.4191  3.2604  3.2631  3.2969  3.3256
 136  0.983450  3.8324  4.1097  0.6038  3.8688  3.4013  3.2425  3.2452  3.2788  3.3074
 137  0.984724  3.8322  4.1025  0.6109  3.8513  3.3834  3.2245  3.2271  3.2605  3.2891
 138  0.985991  3.8320  4.0952  0.6181  3.8339  3.3656  3.2063  3.2086  3.2419  3.2705
 139  0.987252  3.8318  4.0877  0.6253  3.8165  3.3477  3.1880  3.1901  3.2231  3.2515
 140  0.988506  3.8315  4.0799  0.6325  3.7992  3.3297  3.1695  3.1712  3.2040  3.2324
 141  0.989751  3.8312  4.0719  0.6398  3.7820  3.3118  3.1508  3.1522  3.1847  3.2129
 142  0.990989  3.8309  4.0637  0.6471  3.7649  3.2938  3.1319  3.1329  3.1651  3.1932
 143  0.992217  3.8304  4.0552  0.6545  3.7481  3.2758  3.1129  3.1133  3.1452  3.1732
 144  0.993435  3.8299  4.0465  0.6619  3.7312  3.2579  3.0938  3.0935  3.1250  3.1528
 145  0.994641  3.8294  4.0373  0.6694  3.7147  3.2400  3.0744  3.0734  3.1045  3.1321
 146  0.995836  3.8288  4.0279  0.6768  3.6983  3.2221  3.0549  3.0531  3.0837  3.1111
 147  0.997016  3.8281  4.0182  0.6843  3.6823  3.2044  3.0353  3.0325  3.0626  3.0897
 148  0.998185  3.8274  4.0081  0.6919  3.6666  3.1868  3.0154  3.0115  3.0411  3.0680
 149  0.999336  3.8264  3.9976  0.6995  3.6513  3.1692  2.9954  2.9904  3.0193  3.0458
 150  1.000473  3.8255  3.9867  0.7070  3.6365  3.1519  2.9753  2.9688  2.9970  3.0232
 151  1.001594  3.8245  3.9753  0.7146  3.6221  3.1347  2.9549  2.9469  2.9744  3.0001
 152  1.002697  3.8233  3.9635  0.7222  3.6082  3.1178  2.9345  2.9247  2.9514  2.9767
 153  1.003784  3.8220  3.9512  0.7298  3.5949  3.1010  2.9139  2.9022  2.9280  2.9528
 154  1.004855  3.8206  3.9385  0.7374  3.5823  3.0846  2.8932  2.8795  2.9042  2.9285
 155  1.005911  3.8191  3.9252  0.7451  3.5702  3.0684  2.8724  2.8563  2.8800  2.9037
 156  1.006947  3.8174  3.9113  0.7527  3.5593  3.0526  2.8515  2.8329  2.8554  2.8783
 157  1.007970  3.8155  3.8966  0.7602  3.5492  3.0373  2.8305  2.8093  2.8304  2.8526
 158  1.008979  3.8135  3.8813  0.7677  3.5403  3.0224  2.8096  2.7853  2.8049  2.8262
 159  1.009977  3.8111  3.8650  0.7751  3.5330  3.0083  2.7887  2.7611  2.7789  2.7992
 160  1.010966  3.8084  3.8475  0.7825  3.5280  2.9953  2.7678  2.7363  2.7521  2.7713
 161  1.011950  3.8052  3.8278  0.7895  3.5272  2.9845  2.7473  2.7109  2.7242  2.7420
 162  1.012618  3.8022  3.8117  0.7942  3.5306  2.9794  2.7334  2.6927  2.7036  2.7203
 163  1.013292  3.7992  3.7956  0.7982  3.5363  2.9763  2.7211  2.6757  2.6841  2.6995
 164  1.013973  3.7960  3.7795  0.8018  3.5448  2.9751  2.7101  2.6598  2.6655  2.6796
 165  1.014648  3.7924  3.7629  0.8045  3.5587  2.9770  2.7008  2.6452  2.6479  2.6605
 166  1.015298  3.7885  3.7456  0.8061  3.5821  2.9827  2.6931  2.6316  2.6310  2.6418
 167  1.015921  3.7845  3.7294  0.8066  3.6101  2.9916  2.6880  2.6207  2.6167  2.6256
 168  1.016512  3.7803  3.7136  0.8062  3.6419  3.0032  2.6857  2.6123  2.6047  2.6119
 169  1.017073  3.7760  3.6976  0.8051  3.6759  3.0172  2.6855  2.6057  2.5944  2.5996
 170  1.017623  3.7714  3.6809  0.8040  3.7121  3.0328  2.6862  2.5997  2.5842  2.5874
 171  1.018182  3.7667  3.6628  0.8031  3.7511  3.0487  2.6864  2.5927  2.5728  2.5738
 172  1.018777  3.7617  3.6431  0.8034  3.7916  3.0636  2.6842  2.5830  2.5584  2.5571
 173  1.019392  3.7569  3.6221  0.8054  3.8280  3.0738  2.6776  2.5691  2.5398  2.5364
 174  1.019939  3.7529  3.6022  0.8093  3.8533  3.0772  2.6669  2.5522  2.5190  2.5137
 175  1.020408  3.7496  3.5848  0.8138  3.8700  3.0763  2.6549  2.5352  2.4988  2.4920
 176  1.020834  3.7466  3.5682  0.8184  3.8846  3.0746  2.6430  2.5187  2.4794  2.4710
 177  1.021243  3.7439  3.5524  0.8239  3.8942  3.0698  2.6292  2.5010  2.4589  2.4493
 178  1.021637  3.7417  3.5372  0.8302  3.8987  3.0614  2.6131  2.4813  2.4370  2.4263
 179  1.021995  3.7399  3.5224  0.8378  3.8977  3.0491  2.5943  2.4598  2.4136  2.4019
 180  1.022315  3.7385  3.5093  0.8457  3.8908  3.0341  2.5747  2.4382  2.3906  2.3783
 181  1.022611  3.7374  3.4968  0.8540  3.8813  3.0175  2.5544  2.4163  2.3674  2.3546
 182  1.023039  3.7359  3.4780  0.8669  3.8640  2.9909  2.5227  2.3823  2.3319  2.3182
 183  1.023462  3.7346  3.4592  0.8805  3.8430  2.9618  2.4891  2.3467  2.2948  2.2805
 184  1.023878  3.7334  3.4403  0.8949  3.8187  2.9303  2.4537  2.3096  2.2565  2.2416
 185  1.024291  3.7324  3.4217  0.9097  3.7914  2.8971  2.4172  2.2715  2.2173  2.2019
 186  1.024700  3.7315  3.4030  0.9247  3.7634  2.8633  2.3802  2.2330  2.1777  2.1618
 187  1.025108  3.7305  3.3842  0.9401  3.7341  2.8286  2.3422  2.1936  2.1373  2.1210
 188  1.025513  3.7297  3.3655  0.9557  3.7031  2.7928  2.3038  2.1539  2.0966  2.0799
 189  1.025914  3.7290  3.3469  0.9716  3.6707  2.7562  2.2647  2.1136  2.0555  2.0384
 190  1.026315  3.7283  3.3282  0.9876  3.6374  2.7188  2.2250  2.0728  2.0138  1.9964
 191  1.026713  3.7276  3.3094  1.0038  3.6035  2.6811  2.1849  2.0317  1.9719  1.9541
 192  1.027109  3.7270  3.2906  1.0203  3.5690  2.6428  2.1444  1.9900  1.9295  1.9114
 193  1.027504  3.7263  3.2717  1.0368  3.5336  2.6040  2.1035  1.9481  1.8868  1.8684
 194  1.027896  3.7258  3.2528  1.0536  3.4972  2.5645  2.0621  1.9058  1.8439  1.8252
 195  1.028288  3.7252  3.2340  1.0705  3.4603  2.5247  2.0205  1.8632  1.8006  1.7816
 196  1.028669  3.7245  3.2139  1.0881  3.4225  2.4834  1.9768  1.8185  1.7551  1.7358
 197  1.029043  3.7240  3.1936  1.1063  3.3824  2.4404  1.9319  1.7726  1.7086  1.6889
 198  1.029401  3.7234  3.1721  1.1256  3.3401  2.3949  1.8842  1.7239  1.6591  1.6393
 199  1.029756  3.7228  3.1503  1.1450  3.2973  2.3489  1.8361  1.6748  1.6093  1.5890
 200  1.030097  3.7222  3.1277  1.1653  3.2526  2.3010  1.7861  1.6237  1.5574  1.5369
 201  1.030431  3.7215  3.1045  1.1860  3.2068  2.2523  1.7351  1.5715  1.5045  1.4836
 202  1.030754  3.7209  3.0806  1.2074  3.1595  2.2019  1.6825  1.5178  1.4498  1.4285
 203  1.031065  3.7202  3.0562  1.2294  3.1108  2.1501  1.6283  1.4624  1.3936  1.3720
 204  1.031367  3.7195  3.0310  1.2517  3.0613  2.0973  1.5731  1.4059  1.3362  1.3143
 205  1.031659  3.7187  3.0053  1.2746  3.0113  2.0436  1.5168  1.3483  1.2777  1.2555
 206  1.031942  3.7179  2.9789  1.2978  2.9611  1.9893  1.4597  1.2899  1.2182  1.1955
 207  1.032216  3.7170  2.9518  1.3215  2.9107  1.9343  1.4018  1.2304  1.1576  1.1344
 208  1.032481  3.7162  2.9245  1.3454  2.8596  1.8786  1.3430  1.1701  1.0962  1.0726
 209  1.032736  3.7152  2.8965  1.3697  2.8083  1.8223  1.2835  1.1089  1.0339  1.0098
 210  1.032984  3.7142  2.8681  1.3943  2.7569  1.7655  1.2234  1.0472  0.9710  0.9463
 211  1.033223  3.7131  2.8388  1.4191  2.7071  1.7090  1.1629  0.9848  0.9071  0.8819
 212  1.033452  3.7122  2.8101  1.4443  2.6535  1.6504  1.1013  0.9215  0.8427  0.8170
 213  1.033673  3.7111  2.7805  1.4697  2.6017  1.5922  1.0393  0.8578  0.7775  0.7512
 214  1.033886  3.7099  2.7497  1.4953  2.5528  1.5349  0.9773  0.7935  0.7116  0.6846
 215  1.034090  3.7087  2.7195  1.5212  2.5012  1.4760  0.9144  0.7286  0.6453  0.6177
 216  1.034286  3.7075  2.6889  1.5473  2.4503  1.4168  0.8509  0.6631  0.5783  0.5500
 217  1.034318  3.7073  2.6839  1.5515  2.4423  1.4071  0.8405  0.6524  0.5674  0.5390
 218  1.034349  3.7072  2.6788  1.5558  2.4343  1.3974  0.8301  0.6416  0.5563  0.5278
 219  1.034380  3.7070  2.6738  1.5601  2.4262  1.3877  0.8196  0.6307  0.5453  0.5166
 220  1.034411  3.7067  2.6686  1.5645  2.4182  1.3779  0.8090  0.6199  0.5341  0.5054
 221  1.034441  3.7066  2.6635  1.5688  2.4101  1.3681  0.7984  0.6090  0.5229  0.4941
 222  1.034471  3.7064  2.6584  1.5732  2.4020  1.3583  0.7878  0.5980  0.5118  0.4828
 223  1.034502  3.7062  2.6531  1.5776  2.3938  1.3484  0.7771  0.5869  0.5004  0.4713
 224  1.034532  3.7059  2.6479  1.5820  2.3858  1.3384  0.7663  0.5758  0.4890  0.4598
 225  1.034562  3.7057  2.6427  1.5864  2.3777  1.3285  0.7556  0.5647  0.4777  0.4484
 226  1.034593  3.7056  2.6375  1.5908  2.3695  1.3186  0.7448  0.5536  0.4663  0.4369
 227  1.034884  3.7035  2.5842  1.6359  2.2878  1.2173  0.6350  0.4401  0.3502  0.3195
 228  1.035160  3.7012  2.5286  1.6827  2.2057  1.1132  0.5214  0.3224  0.2297  0.1979
 229  1.035409  3.6988  2.4718  1.7299  2.1274  1.0098  0.4071  0.2037  0.1078  0.0747
 230  1.035625  3.6962  2.4138  1.7776  2.0520  0.9068  0.2922  0.0839 -0.0152 -0.0499
 231  1.035825  3.6937  2.3576  1.8238  1.9809  0.8079  0.1812 -0.0320 -0.1344 -0.1705
 232  1.036004  3.6915  2.3086  1.8639  1.9188  0.7214  0.0844 -0.1331 -0.2383 -0.2756
 233  1.036173  3.6894  2.2624  1.9018  1.8589  0.6402 -0.0065 -0.2281 -0.3361 -0.3745
 234  1.036331  3.6877  2.2259  1.9317  1.8098  0.5754 -0.0787 -0.3035 -0.4136 -0.4530
 235  1.036479  3.6877  2.2195  1.9380  1.7906  0.5584 -0.0955 -0.3202 -0.4302 -0.4696
 236  1.036644  3.6887  2.2338  1.9278  1.7937  0.5754 -0.0732 -0.2956 -0.4043 -0.4431
 237  1.036816  3.6860  2.1761  1.9748  1.7230  0.4760 -0.1854 -0.4132 -0.5253 -0.5657
 238  1.036974  3.6831  2.1179  2.0219  1.6549  0.3777 -0.2971 -0.5305 -0.6464 -0.6883
 239  1.037114  3.6805  2.0638  2.0655  1.5930  0.2872 -0.4001 -0.6389 -0.7583 -0.8017
 240  1.037241  3.6781  2.0157  2.1042  1.5404  0.2080 -0.4909 -0.7346 -0.8573 -0.9022
 241  1.037360  3.6765  1.9832  2.1300  1.5099  0.1569 -0.5505 -0.7976 -0.9228 -0.9686
 242  1.037474  3.6754  1.9645  2.1447  1.4990  0.1303 -0.5829 -0.8325 -0.9592 -1.0057
 243  1.037587  3.6727  1.9089  2.1892  1.4427  0.0406 -0.6867 -0.9420 -1.0727 -1.1210
 244  1.037690  3.6696  1.8507  2.2353  1.3879 -0.0505 -0.7934 -1.0550 -1.1900 -1.2401
 245  1.037781  3.6666  1.7940  2.2801  1.3371 -0.1380 -0.8966 -1.1645 -1.3039 -1.3558
 246  1.037864  3.6636  1.7384  2.3238  1.2894 -0.2228 -0.9970 -1.2712 -1.4149 -1.4687
 247  1.037939  3.6607  1.6822  2.3680  1.2425 -0.3077 -1.0981 -1.3788 -1.5268 -1.5825
 248  1.038008  3.6576  1.6254  2.4126  1.1966 -0.3926 -1.1999 -1.4872 -1.6397 -1.6973
 249  1.038068  3.6548  1.5743  2.4526  1.1601 -0.4670 -1.2904 -1.5837 -1.7404 -1.7998
 250  1.038124  3.6520  1.5242  2.4914  1.1282 -0.5376 -1.3777 -1.6772 -1.8380 -1.8992
 251  1.038175  3.6492  1.4748  2.5297  1.0988 -0.6058 -1.4631 -1.7688 -1.9340 -1.9970
 252  1.038222  3.6464  1.4267  2.5667  1.0721 -0.6709 -1.5452 -1.8573 -2.0268 -2.0916
 253  1.038265  3.6437  1.3790  2.6034  1.0477 -0.7341 -1.6261 -1.9447 -2.1185 -2.1851
 254  1.038304  3.6410  1.3324  2.6390  1.0266 -0.7940 -1.7038 -2.0289 -2.2073 -2.2757
 255  1.038341  3.6382  1.2865  2.6741  1.0074 -0.8520 -1.7797 -2.1115 -2.2943 -2.3646
 256  1.038375  3.6356  1.2415  2.7084  0.9906 -0.9075 -1.8537 -2.1920 -2.3793 -2.4513
 257  1.038406  3.6330  1.1981  2.7415  0.9755 -0.9603 -1.9248 -2.2694 -2.4610 -2.5349
 258  1.038435  3.6304  1.1548  2.7744  0.9618 -1.0118 -1.9949 -2.3460 -2.5422 -2.6178
 259  1.038462  3.6278  1.1127  2.8064  0.9495 -1.0607 -2.0625 -2.4200 -2.6207 -2.6981
 260  1.038487  3.6253  1.0713  2.8378  0.9383 -1.1079 -2.1282 -2.4924 -2.6976 -2.7769
 261  1.038510  3.6228  1.0309  2.8683  0.9288 -1.1525 -2.1914 -2.5625 -2.7723 -2.8534
 262  1.038532  3.6204  0.9910  2.8983  0.9202 -1.1956 -2.2531 -2.6311 -2.8457 -2.9286
 263  1.038553  3.6179  0.9520  2.9277  0.9122 -1.2370 -2.3129 -2.6982 -2.9174 -3.0019
 264  1.038571  3.6156  0.9138  2.9565  0.9045 -1.2771 -2.3712 -2.7634 -2.9874 -3.0734
 265  1.038589  3.6133  0.8765  2.9845  0.8977 -1.3154 -2.4281 -2.8271 -3.0557 -3.1434
 266  1.038606  3.6110  0.8395  3.0122  0.8915 -1.3522 -2.4835 -2.8897 -3.1229 -3.2121
 267  1.038621  3.6087  0.8034  3.0391  0.8857 -1.3875 -2.5369 -2.9505 -3.1883 -3.2791
 268  1.038636  3.6065  0.7681  3.0655  0.8799 -1.4219 -2.5895 -3.0101 -3.2525 -3.3447
 269  1.038651  3.6043  0.7333  3.0915  0.8740 -1.4550 -2.6404 -3.0684 -3.3155 -3.4090
 270  1.038664  3.6021  0.6994  3.1169  0.8682 -1.4864 -2.6894 -3.1252 -3.3770 -3.4718
 271  1.038676  3.6000  0.6661  3.1416  0.8620 -1.5165 -2.7364 -3.1806 -3.4370 -3.5332
 272  1.038688  3.5979  0.6336  3.1658  0.8556 -1.5450 -2.7815 -3.2345 -3.4957 -3.5932
 273  1.038698  3.5959  0.6018  3.1896  0.8485 -1.5724 -2.8248 -3.2874 -3.5534 -3.6523
 274  1.038709  3.5938  0.5704  3.2129  0.8417 -1.5980 -2.8661 -3.3389 -3.6099 -3.7099
 275  1.038719  3.5919  0.5399  3.2354  0.8346 -1.6213 -2.9050 -3.3891 -3.6651 -3.7663
 276  1.038728  3.5899  0.5100  3.2576  0.8269 -1.6434 -2.9418 -3.4380 -3.7192 -3.8215
 277  1.038738  3.5880  0.4809  3.2792  0.8187 -1.6645 -2.9769 -3.4857 -3.7720 -3.8753
 278  1.038745  3.5863  0.4532  3.2997  0.8102 -1.6836 -3.0082 -3.5310 -3.8225 -3.9268
 279  1.038753  3.5846  0.4282  3.3182  0.8012 -1.7003 -3.0350 -3.5718 -3.8682 -3.9733
